0116 0.782584 389 871 487 1258
0116 0.775438 272 975 416 1294
0116 0.736764 101 1028 278 1360
0116 0.715457 1738 530 1836 780
0116 0.71109 947 231 1037 469
0116 0.695097 1343 382 1446 649
0116 0.646536 1428 327 1495 555
0116 0.644803 1680 443 1779 743
0116 0.640885 146 932 260 1081
0116 0.579552 1557 408 1632 721
0116 0.530515 1495 609 1572 822
0116 0.49998 1740 385 1832 581
0116 0.474361 1875 490 1948 717
0116 0.444635 1900 490 1985 723
0116 0.397182 101 950 194 1075
0116 0.397085 1536 396 1611 664
